Empresa, Yhaguy Baterias,,,,
,,,,,,
FECHA,NUMERO,DESCRIPCION,DEBE,HABER,SALDO 
02/abr,0 20118825 93-CO-DJO,DEPOSITO EFECTIVO.-,   ,1712500,96104643
02/abr,0 20118825 93-CO-DJO,DEPOSITO CHQ.24HS.-,   ,400000,96504643
02/abr,70 868485 73-CEN-UEL,CHEQUE DEP.N/B70 868485,17673753,   ,78830890
02/abr,0 20371576 93-K95FLM-MJV,DEPOSITO EFECTIVO.-,   ,10623500,89454390
02/abr,0 20371576 93-K95FLM-MJV,DEPOSITO CHQ.24HS.-,   ,5318000,94772390
02/abr,0 20371576 93-K95FLM-MJV,DEPOSITO CHQ.N/BCO-063,   ,2000000,96772390
02/abr,0 20371580 93-K95FLM-MJV,DEPOSITO EFECTIVO.-,   ,218000,96990390
02/abr,0 20371581 93-K95FLM-MJV,DEPOSITO EFECTIVO.-,   ,663500,97653890
02/abr,0 20371578 93-K95FLM-MJV,DEPOSITO CHQ.24HS.-,   ,2763500,100417390
02/abr,0 20371578 93-K95FLM-MJV,DEPOSITO CHQ.N/BCO-070,   ,12495727,112913117
02/abr,72 94616 90-CM-EMJ,CLEARING REC.BCO.17,2680000,   ,110233117
02/abr,54 8998236 60-SL-IVL,DB X CUOTA:05A12194217014,10692000,   ,99541117
02/abr,0 2292267 93-SL-IRS,DEPOSITO CHQ.N/BCO-162,   ,4453633,103994750
02/abr,72 94622 73-SL-IRS,CHEQUE DEP.N/B72 94622,4453633,   ,99541117
02/abr,70 868482 73-CEN-FMZ,CHEQUE DEP.N/B70 868482,22733673,   ,76807444
03/abr,72 94607 90-CM-EMJ,CLEARING REC.BCO.39,2310000,   ,74497444
03/abr,0 20371582 93-K95FLM-MJV,DEPOSITO EFECTIVO.-,   ,33877000,108374444
03/abr,0 20371582 93-K95FLM-MJV,DEPOSITO CHQ.24HS.-,   ,7605000,115979444
03/abr,0 20371582 93-K95FLM-MJV,DEPOSITO CHQ.N/BCO-079,   ,12548182,128527626
03/abr,0 20371583 93-K95FLM-MJV,DEPOSITO CHQ.N/BCO-086,   ,6424620,134952246
03/abr,54 9002858 60-SL-IVL,DB X CUOTA:05A12204718006,5101598,   ,129850648
04/abr,0 20371514 93-K95FLM-MJV,DEPOSITO CHQ.24HS.-,   ,76894800,206745448
04/abr,0 20371514 93-K95FLM-MJV,DEPOSITO EFECTIVO.-,   ,15259000,222004448
04/abr,0 18414746 93-CAA-JRG,DEPOSITO EFECTIVO.-,   ,1296000,223300448
04/abr,0 18414747 93-CAA-RIS,DEPOSITO EFECTIVO.-,   ,648000,223948448
05/abr,0 20371516 93-K95FLM-MJV,DEPOSITO EFECTIVO.-,   ,15043500,238991948
05/abr,0 20371516 93-K95FLM-MJV,DEPOSITO CHQ.24HS.-,   ,4412000,243403948
05/abr,0 20371516 93-K95FLM-MJV,DEPOSITO CHQ.N/BCO-079,   ,4639000,248042948
05/abr,71 755840 73-CEN-EOR,CHEQUE DEP.N/B71 755840,18426187,   ,229616761
05/abr,0 20371515 93-K95FLM-MJV,DEPOSITO EFECTIVO.-,   ,1857000,231473761
05/abr,0 20371517 93-K95FLM-MJV,DEPOSITO CHQ.N/BCO-085,   ,6424620,237898381
05/abr,0 20423752 93-CUR-DER,DEPOSITO EFECTIVO.-,   ,445000,238343381
05/abr,54 9009233 60-SL-FAE,DB X CUOTA:05053315618024,3272850,   ,235070531
06/abr,0 20118824 93-CO-KEB,DEPOSITO EFECTIVO.-,   ,1970000,237040531
06/abr,72 94609 73-LUQ-OEF,CHEQUE DEP.N/B72 94609,1680000,   ,235360531
06/abr,72 94601 90-CM-EMJ,CLEARING REC.BCO.08,4860690,   ,230499841
06/abr,0 20371518 93-SL-EST,DEPOSITO CHQ.48HS.-,   ,16546091,247045932
06/abr,0 20371518 93-SL-EST,DEPOSITO EFECTIVO.-,   ,22345000,269390932
06/abr,72 94625 73-SL-EST,CHEQUE DEP.N/B72 94625,140000,   ,269250932
06/abr,0 20371518 93-SL-EST,DEPOSITO CHQ.N/BCO-118,   ,4156000,273406932
06/abr,72 94624 88-ML-CLF,PAGO CHEQUE No.94624,16000000,   ,257406932
06/abr,84 632283 49-CM-SYS,SIPAP-180406160062 NC632283,   ,37037330,294444262
06/abr,72 94610 90-CM-EMJ,CLEARING REC.BCO.17,837500,   ,293606762
06/abr,72 94590 90-CM-EMJ,CLEARING REC.BCO.17,2394000,   ,291212762
06/abr,0 6682804 97-SL-FAE,DEBITO X OPERAC.CAMBIOS,474367836,   ,-183155074
06/abr,56 9012188 00-SL-FAE,TRANSFERENCIAS INTERNACIONALES,204000,   ,-183359074
06/abr,0 2291305 93-SL-EST,DEPOSITO CHQ.48HS.-,   ,1000000,-182359074
06/abr,67 9012741 20-CM-ANT,DESEMB.PRESTAMOS: 05A12226018,   ,4660266,-177698808
06/abr,67 9012740 20-CM-ANT,DESEMB.PRESTAMOS: 05053346518,   ,274574622,96875814
09/abr,72 300930 73-K95FLM-LFI,CHEQUE DEP.N/B72 300930,33000000,   ,63875814
09/abr,72 94623 73-CM-MFS,CHEQUE DEP.N/B72 94623,2200000,   ,61675814
10/abr,0 20118823 93-CO-PSR,DEPOSITO EFECTIVO.-,   ,3930000,65605814
10/abr,72 300931 88-K95FLM-MJV,PAGO CHEQUE No.300931,4454111,   ,61151703
10/abr,0 20371521 93-K95FLM-MJV,DEPOSITO EFECTIVO.-,   ,4619700,65771403
10/abr,0 20371521 93-K95FLM-MJV,DEPOSITO CHQ.24HS.-,   ,22638400,88409803
10/abr,0 20371525 93-K95FLM-MJV,DEPOSITO EFECTIVO.-,   ,4471000,92880803
10/abr,0 20371525 93-K95FLM-MJV,DEPOSITO CHQ.24HS.-,   ,675000,93555803
10/abr,72 300928 73-K95FLM-MJV,CHEQUE DEP.N/B72 300928,800000,   ,92755803
10/abr,0 20371522 93-K95FLM-MJV,DEPOSITO CHQ.N/BCO-110,   ,3146092,95901895
10/abr,72 300929 73-K95FLM-MJV,CHEQUE DEP.N/B72 300929,2346092,   ,93555803
11/abr,0 20371529 93-K95FLM-JRU,DEPOSITO EFECTIVO.-,   ,498000,94053803
11/abr,0 20371526 93-K95FLM-JRU,DEPOSITO EFECTIVO.-,   ,78000,94131803
11/abr,0 20371531 93-K95FLM-JRU,DEPOSITO EFECTIVO.-,   ,3270000,97401803
11/abr,0 20371530 93-K95FLM-JRU,DEPOSITO EFECTIVO.-,   ,35101500,132503303
11/abr,0 20371530 93-K95FLM-JRU,DEPOSITO CHQ.24HS.-,   ,490000,132993303
11/abr,0 20371530 93-K95FLM-JRU,DEPOSITO CHQ.N/BCO-035,   ,1920000,134913303
12/abr,0 20371533 93-K95FLM-LFI,DEPOSITO EFECTIVO.-,   ,16021000,150934303
12/abr,0 20371532 93-K95FLM-LFI,DEPOSITO CHQ.24HS.-,   ,7983472,158917775
12/abr,0 20371532 93-K95FLM-LFI,DEPOSITO EFECTIVO.-,   ,24443200,183360975
12/abr,0 20371534 93-K95FLM-LFI,DEPOSITO CHQ.N/BCO-067,   ,12849242,196210217
12/abr,67 9025880 20-CM-MBE,DESEMB.PRESTAMOS: 05A12228318,   ,180762866,376973083
12/abr,67 9025879 20-CM-MBE,DESEMB.PRESTAMOS: 05053350918,   ,285637269,662610352
13/abr,72 300926 88-CAP-RDE,PAGO CHEQUE No.300926,14274000,   ,648336352
13/abr,0 6740018 97-SL-CZM,DEBITO X OPERAC.CAMBIOS,481164680,   ,167171672
13/abr,0 6740020 97-SL-CZM,DEBITO X OPERAC.CAMBIOS,111200000,   ,55971672
13/abr,0 20371535 93-K95FLM-MJV,DEPOSITO EFECTIVO.-,   ,18499000,74470672
13/abr,0 20371535 93-K95FLM-MJV,DEPOSITO CHQ.24HS.-,   ,6229000,80699672
13/abr,72 94584 90-CM-EMJ,CLEARING REC.BCO.41,2931000,   ,77768672
13/abr,72 300927 90-CM-EMJ,CLEARING REC.BCO.04,8053830,   ,69714842
13/abr,56 9027600 00-SL-CZM,TRANSFERENCIAS INTERNACIONALES,270000,   ,69444842
13/abr,56 9027626 00-SL-CZM,TRANSFERENCIAS INTERNACIONALES,204000,   ,69240842
13/abr,84 681288 49-CM-SYS,SIPAP-180413178137 NC681288,   ,24759026,93999868
16/abr,72 94604 90-CM-EMJ,CLEARING REC.BCO.41,2735000,   ,91264868
16/abr,72 300932 73-K95FLM-MJV,CHEQUE DEP.N/B72 300932,3108783,   ,88156085
16/abr,0 20371540 93-K95FLM-MJV,DEPOSITO CHQ.N/BCO-173,   ,3108783,91264868
16/abr,72 300933 88-K95FLM-MJV,PAGO CHEQUE No.300933,20011259,   ,71253609
16/abr,0 20371536 93-K95FLM-MJV,DEPOSITO EFECTIVO.-,   ,4882000,76135609
16/abr,0 20371538 93-K95FLM-MJV,DEPOSITO EFECTIVO.-,   ,25645400,101781009
16/abr,0 20371538 93-K95FLM-MJV,DEPOSITO CHQ.24HS.-,   ,1673091,103454100
16/abr,0 20371538 93-K95FLM-MJV,DEPOSITO CHQ.N/BCO-178,   ,1184000,104638100
16/abr,0 20368840 93-K95FLM-MJV,DEPOSITO EFECTIVO.-,   ,21816800,126454900
16/abr,0 20368840 93-K95FLM-MJV,DEPOSITO CHQ.48HS.-,   ,3390000,129844900
16/abr,0 20368840 93-K95FLM-MJV,DEPOSITO CHQ.N/BCO-183,   ,1241000,131085900
16/abr,0 20371537 93-K95FLM-MJV,DEPOSITO CHQ.N/BCO-190,   ,5100000,136185900
16/abr,0 20371539 93-K95FLM-MJV,DEPOSITO CHQ.48HS.-,   ,2089000,138274900
16/abr,71 755844 73-CEN-FMZ,CHEQUE DEP.N/B71 755844,21143218,   ,117131682
16/abr,72 94586 90-CM-EMJ,CLEARING REC.BCO.17,1748485,   ,115383197
16/abr,72 94608 90-CM-EMJ,CLEARING REC.BCO.17,1784255,   ,113598942
16/abr,72 94596 73-K95FLM-JRU,CHEQUE DEP.N/B72 94596,2234000,   ,111364942
17/abr,72 300935 90-CM-EMJ,CLEARING REC.BCO.39,19723482,   ,91641460
17/abr,0 20266797 93-CDEK3-BRO,DEPOSITO CHQ.24HS.-,   ,9068700,100710160
17/abr,0 20371541 93-K95FLM-LFI,DEPOSITO CHQ.24HS.-,   ,15574520,116284680
17/abr,0 20371541 93-K95FLM-LFI,DEPOSITO EFECTIVO.-,   ,28282000,144566680
17/abr,0 20371542 93-K95FLM-LFI,DEPOSITO CHQ.24HS.-,   ,3844000,148410680
17/abr,0 20371542 93-K95FLM-LFI,DEPOSITO CHQ.N/BCO-040,   ,7768200,156178880
17/abr,0 20118822 93-CO-DJO,DEPOSITO EFECTIVO.-,   ,3935000,160113880
17/abr,0 6762913 97-SL-FAE,DEBITO X OPERAC.CAMBIOS,166350000,   ,-6236120
17/abr,56 9035520 00-SL-FAE,TRANSFERENCIAS INTERNACIONALES,270000,   ,-6506120
17/abr,67 9036204 20-CM-MBE,DESEMB.PRESTAMOS: 05053353618,   ,97899739,91393619
17/abr,67 9036205 20-CM-MBE,DESEMB.PRESTAMOS: 05A12232218,   ,62709236,154102855
18/abr,0 20371545 93-K95FLM-LFI,DEPOSITO EFECTIVO.-,   ,28515600,182618455
18/abr,0 20371545 93-K95FLM-LFI,DEPOSITO CHQ.24HS.-,   ,9927971,192546426
18/abr,72 300950 88-SL-LEC,PAGO CHEQUE No.300950,1965000,   ,190581426
18/abr,72 94611 90-CM-EMJ,CLEARING REC.BCO.17,300000,   ,190281426
19/abr,0 20687849 93-PF-RIA,DEPOSITO EFECTIVO.-,   ,30000000,220281426
19/abr,72 300960 88-K95FLM-MJV,PAGO CHEQUE No.300960,5206553,   ,215074873
19/abr,0 20344805 93-K95FLM-MJV,DEPOSITO EFECTIVO.-,   ,701500,215776373
19/abr,0 20344804 93-K95FLM-MJV,DEPOSITO CHQ.24HS.-,   ,2061000,217837373
19/abr,0 20344804 93-K95FLM-MJV,DEPOSITO EFECTIVO.-,   ,17478700,235316073
19/abr,0 20344806 93-K95FLM-MJV,DEPOSITO CHQ.24HS.-,   ,3304000,238620073
19/abr,0 20344806 93-K95FLM-MJV,DEPOSITO CHQ.N/BCO-044,   ,6443540,245063613
19/abr,84 720369 49-CM-SYS,SIPAP-1804191570385 NC720369,   ,262000,245325613
19/abr,72 300952 90-CM-EMJ,CLEARING REC.BCO.17,4103626,   ,241221987
19/abr,54 9041119 60-SL-PSD,DB X CUOTA:05053334418002,3958087,   ,237263900
19/abr,72 300951 88-K95FLM-JRU,PAGO CHEQUE No.300951,2619000,   ,234644900
19/abr,72 94615 90-CM-EMJ,CLEARING REC.BCO.17,370500,   ,234274400
20/abr,72 94605 73-GS-DVO,CHEQUE DEP.N/B72 94605,2014492,   ,232259908
20/abr,72 300955 90-CM-EMJ,CLEARING REC.BCO.28,14364695,   ,217895213
20/abr,0 20344808 93-SL-EST,DEPOSITO CHQ.24HS.-,   ,12044000,229939213
20/abr,0 20344808 93-SL-EST,DEPOSITO EFECTIVO.-,   ,17382500,247321713
20/abr,72 300944 73-PUE-CRN,CHEQUE DEP.N/B72 300944,18817005,   ,228504708
20/abr,72 300947 73-PUE-CRN,CHEQUE DEP.N/B72 300947,18256784,   ,210247924
20/abr,72 300938 73-PUE-CRN,CHEQUE DEP.N/B72 300938,18592214,   ,191655710
20/abr,72 300954 90-CM-EMJ,CLEARING REC.BCO.04,1032950,   ,190622760
20/abr,72 300941 73-PUE-CRN,CHEQUE DEP.N/B72 300941,25040560,   ,165582200
20/abr,72 300957 90-CM-EMJ,CLEARING REC.BCO.17,2606323,   ,162975877
20/abr,72 300955 91-CM-MLC,CHEQUE RECHAZADO X CLEARING,   ,14364695,177340572
23/abr,54 9047148 60-SL-SIS,DB X CUOTA:05F50193217007,45384682,   ,131955890
23/abr,71 755838 73-CEN-FMZ,CHEQUE DEP.N/B71 755838,18055478,   ,113900412
23/abr,0 20371544 93-SL-HVS,DEPOSITO EFECTIVO.-,   ,28332000,142232412
23/abr,0 20371544 93-SL-HVS,DEPOSITO CHQ.48HS.-,   ,33324446,175556858
23/abr,0 20371544 93-SL-HVS,DEPOSITO CHQ.N/BCO-173,   ,500000,176056858
23/abr,54 9047896 60-SL-PSD,DB X CUOTA:05053313818034,2000000,   ,174056858
23/abr,67 9048736 20-CM-IVL,DESEMB.PRESTAMOS: 05A12234618,   ,18543654,192600512
23/abr,67 9048737 20-CM-IVL,DESEMB.PRESTAMOS: 05053357018,   ,110535652,303136164
24/abr,72 300939 73-PUE-EGF,CHEQUE DEP.N/B72 300939,18592214,   ,284543950
24/abr,72 300959 90-CM-EMJ,CLEARING REC.BCO.04,3195000,   ,281348950
24/abr,0 20371547 93-K95FLM-MJV,DEPOSITO EFECTIVO.-,   ,2330000,283678950
24/abr,0 20344811 93-K95FLM-MJV,DEPOSITO EFECTIVO.-,   ,3479000,287157950
24/abr,0 20371548 93-K95FLM-MJV,DEPOSITO EFECTIVO.-,   ,43571000,330728950
24/abr,0 20371548 93-K95FLM-MJV,DEPOSITO CHQ.24HS.-,   ,1712000,332440950
24/abr,0 20371548 93-K95FLM-MJV,DEPOSITO CHQ.N/BCO-084,   ,2620000,335060950
24/abr,0 2034481 93-K95FLM-MJV,DEPOSITO CHQ.24HS.-,   ,475000,335535950
24/abr,0 2034481 93-K95FLM-MJV,DEPOSITO CHQ.N/BCO-089,   ,6545482,342081432
24/abr,72 300965 73-SL-LEC,CHEQUE DEP.N/B72 300965,11000000,   ,331081432
24/abr,72 300964 73-SL-LEC,CHEQUE DEP.N/B72 300964,27500000,   ,303581432
24/abr,0 6818641 97-SL-FAE,DEBITO X OPERAC.CAMBIOS,204741169,   ,98840263
24/abr,56 9051271 00-SL-FAE,TRANSFERENCIAS INTERNACIONALES,270000,   ,98570263
25/abr,72 300942 73-PUE-DFI,CHEQUE DEP.N/B72 300942,25040560,   ,73529703
25/abr,72 94599 73-FDLM-JFS,CHEQUE DEP.N/B72 94599,495000,   ,73034703
25/abr,0 20344813 93-K95FLM-LFI,DEPOSITO EFECTIVO.-,   ,1420000,74454703
25/abr,0 20344812 93-K95FLM-LFI,DEPOSITO EFECTIVO.-,   ,10571300,85026003
25/abr,0 20344812 93-K95FLM-LFI,DEPOSITO CHQ.24HS.-,   ,8920000,93946003
25/abr,6 816457 89-CM-KDG,Provisión de Chequeras,145000,   ,93801003
25/abr,72 94592 73-K95FLM-LFI,CHEQUE DEP.N/B72 94592,149000,   ,93652003
26/abr,0 20344814 93-K95FLM-LFI,DEPOSITO EFECTIVO.-,   ,18374500,112026503
26/abr,0 20344814 93-K95FLM-LFI,DEPOSITO CHQ.24HS.-,   ,401000,112427503
26/abr,0 20344814 93-K95FLM-LFI,DEPOSITO CHQ.N/BCO-070,   ,109236844,221664347
26/abr,0 6860995 97-SL-FAE,DEBITO X OPERAC.CAMBIOS,278750000,   ,-57085653
26/abr,56 9068639 00-SL-FAE,TRANSFERENCIAS INTERNACIONALES,204000,   ,-57289653
26/abr,72 300966 90-CM-EMJ,CLEARING REC.BCO.17,1884820,   ,-59174473
26/abr,67 9069590 20-CM-AYF,DESEMB.PRESTAMOS: 05053361018,   ,119651794,60477321
26/abr,67 9069591 20-CM-AYF,DESEMB.PRESTAMOS: 05A12236918,   ,1364853,61842174
27/abr,72 94620 73-CM-AOZ,CHEQUE DEP.N/B72 94620,3413850,   ,58428324
27/abr,0 20344815 93-K95FLM-MJV,DEPOSITO CHQ.24HS.-,   ,8800000,67228324
27/abr,0 20344815 93-K95FLM-MJV,DEPOSITO EFECTIVO.-,   ,20795600,88023924
27/abr,0 20344815 93-K95FLM-MJV,DEPOSITO CHQ.N/BCO-048,   ,1184000,89207924
27/abr,0 20344816 93-K95FLM-MJV,DEPOSITO CHQ.24HS.-,   ,2000000,91207924
27/abr,0 20344817 93-K95FLM-MJV,DEPOSITO CHQ.24HS.-,   ,11793000,103000924
27/abr,0 20344817 93-K95FLM-MJV,DEPOSITO CHQ.N/BCO-054,   ,8964273,111965197
27/abr,72 300962 88-CAA-CRP,PAGO CHEQUE No.300962,931163,   ,111034034
27/abr,72 300937 73-K95FLM-MJV,CHEQUE DEP.N/B72 300937,5782500,   ,105251534
27/abr,72 300961 90-CM-EMJ,CLEARING REC.BCO.28,14516810,   ,90734724
27/abr,84 825435 49-CM-SYS,SIPAP-180427212451 NC825435,   ,24171665,114906389
30/abr,0 20344822 93-K95FLM-MJV,DEPOSITO EFECTIVO.-,   ,2094000,117000389
30/abr,0 20344823 93-K95FLM-MJV,DEPOSITO EFECTIVO.-,   ,4721600,121721989
30/abr,0 20344820 93-K95FLM-MJV,DEPOSITO EFECTIVO.-,   ,28450500,150172489
30/abr,72 300953 88-FDLM-VJV,PAGO CHEQUE No.300953,14274000,   ,135898489
30/abr,0 21108079 93-C9-BDG,DEPOSITO EFECTIVO.-,   ,7020000,142918489
30/abr,67 9080550 20-CM-ELE,DESEMB.PRESTAMOS: 05A12238618,   ,4532847,147451336
30/abr,67 9080549 20-CM-ELE,DESEMB.PRESTAMOS: 05053363318,   ,270394069,417845405
30/abr,86 9082331 00-CM-SYS,Mto. Línea sob. No util.,11000,   ,417834405
,,,,,
,,,,,
"Este producto se encuentra cubierto por el Fondo de Garantía de Depósitos. Las contribuciones obligatorias realizadas por las entidades de intermediación financiera, en virtud a lo dispuesto en el Artículo 3º,  Numeral 2 de la Ley Nº 2334/2003, constituyen gastos propios de la gestión de la entidad, que no deben trasladarse directamente como tales a sus clientes.",,,,,
